0.100000 1.100000 17 C U 1 16
0.100000 1.100000 18 C U 1 16
0.100000 1.100000 19 C U 1 16
0.100000 1.100000 20 C U 1 16
0.100000 1.100000 21 C U 1 16
0.100000 1.100000 22 C U 1 16
0.100000 1.100000 23 C U 1 16
0.100000 1.100000 24 C U 1 16
0.100000 1.100000 25 C U 1 16
0.100000 1.100000 26 C U 1 16
0.100000 1.100000 27 C U 1 16
0.100000 1.100000 28 C U 1 16
0.100000 1.100000 29 C U 1 16
0.100000 1.100000 30 C U 1 16
0.100000 1.100000 31 C U 1 16
0.100000 1.100000 32 C U 1 16
0.100000 1.100000 33 C U 1 16
0.100000 1.100000 34 C U 1 16
0.100000 1.100000 35 C U 1 16
0.100000 1.100000 36 C U 1 16
0.100000 1.100000 37 C U 1 16
0.100000 1.100000 38 C U 1 16
0.100000 1.100000 39 C U 1 16
0.100000 1.100000 40 C U 1 16
0.100000 1.100000 41 C U 1 16
0.100000 1.100000 42 C U 1 16
0.100000 1.100000 43 C U 1 16
0.100000 1.100000 44 C U 1 16
0.100000 1.100000 45 C U 1 16
0.100000 1.100000 46 C U 1 16
0.100000 1.100000 47 C U 1 16
0.100000 1.100000 48 C U 1 16
0.100000 1.100000 49 C U 1 16
0.100000 1.100000 50 C U 1 16
0.100000 1.100000 51 C U 1 16
0.100000 1.100000 52 C U 1 16
0.100000 1.100000 53 C U 1 16
0.100000 1.100000 54 C U 1 16
0.100000 1.100000 55 C U 1 16
0.100000 1.100000 56 C U 1 16
0.100000 1.100000 57 C U 1 16
0.100000 1.100000 58 C U 1 16
0.100000 1.100000 59 C U 1 16
0.100000 1.100000 60 C U 1 16
0.100000 1.100000 61 C U 1 16
0.100000 1.100000 62 C U 1 16
0.100000 1.100000 63 C U 1 16
0.100000 1.100000 64 C U 1 16
0.100000 1.100000 65 C U 1 16
0.100000 1.100000 66 C U 1 16
0.100000 1.100000 67 C U 1 16
0.100000 1.100000 68 C U 1 16
0.100000 1.100000 69 C U 1 16
0.100000 1.100000 70 C U 1 16
0.100000 1.100000 71 C U 1 16
0.100000 1.100000 72 C U 1 16
0.100000 1.100000 73 C U 1 16
0.100000 1.100000 74 C U 1 16
0.100000 1.100000 75 C U 1 16
0.100000 1.100000 76 C U 1 16
0.100000 1.100000 77 C U 1 16
0.100000 1.100000 78 C U 1 16
0.100000 1.100000 79 C U 1 16
0.100000 1.100000 80 C U 1 16
0.100000 1.100000 81 C U 1 16
0.100000 1.100000 82 C U 1 16
0.100000 1.100000 83 C U 1 16
0.100000 1.100000 84 C U 1 16
0.100000 1.100000 85 C U 1 16
0.100000 1.100000 86 C U 1 16
0.100000 1.100000 87 C U 1 16
0.100000 1.100000 88 C U 1 16
0.100000 1.100000 89 C U 1 16
0.100000 1.100000 90 C U 1 16
0.100000 1.100000 91 C U 1 16
0.100000 1.100000 92 C U 1 16
0.100000 1.100000 93 C U 1 16
0.100000 1.100000 94 C U 1 16
0.100000 1.100000 95 C U 1 16
0.100000 1.100000 96 C U 1 16
0.100000 1.100000 97 C U 1 16
0.100000 1.100000 98 C U 1 16
0.100000 1.100000 99 C U 1 16
0.100000 1.100000 100 C U 1 16
