0.000000 1.570796 0 1.000000e-01
0.000000 1.570796 0 1.000000e-02
0.000000 1.570796 0 1.000000e-03
0.000000 1.570796 0 1.000000e-04
0.000000 1.570796 0 1.000000e-05
0.000000 1.570796 0 1.000000e-06
0.000000 1.570796 0 1.000000e-07
0.000000 1.570796 0 1.000000e-08
0.000000 1.570796 0 1.000000e-09
0.000000 1.570796 0 1.000000e-10
0.000000 1.570796 0 1.000000e-11
0.000000 1.570796 0 1.000000e-12
0.000000 1.570796 0 1.000000e-13
0.000000 1.570796 0 1.000000e-14
0.000000 1.570796 0 1.000000e-15
0.000000 1.570796 0 1.000000e-16
