0.0000000000000000 1.5707963267948966 0 -1.000000
0.0000000000000000 1.5707963267948966 0 -2.000000
0.0000000000000000 1.5707963267948966 0 -3.000000
0.0000000000000000 1.5707963267948966 0 -4.000000
0.0000000000000000 1.5707963267948966 0 -5.000000
0.0000000000000000 1.5707963267948966 0 -6.000000
0.0000000000000000 1.5707963267948966 0 -7.000000
0.0000000000000000 1.5707963267948966 0 -8.000000
0.0000000000000000 1.5707963267948966 0 -9.000000
0.0000000000000000 1.5707963267948966 0 -10.000000
0.0000000000000000 1.5707963267948966 0 -11.000000
0.0000000000000000 1.5707963267948966 0 -12.000000
0.0000000000000000 1.5707963267948966 0 -13.000000
0.0000000000000000 1.5707963267948966 0 -14.000000
0.0000000000000000 1.5707963267948966 0 -15.000000
0.0000000000000000 1.5707963267948966 0 -16.000000
