0.100000 1.100000 2 R 0 1
0.100000 1.100000 3 R 0 1
0.100000 1.100000 4 R 0 1
0.100000 1.100000 5 R 0 1
0.100000 1.100000 6 R 0 1
0.100000 1.100000 7 R 0 1
0.100000 1.100000 8 R 0 1
0.100000 1.100000 9 R 0 1
0.100000 1.100000 10 R 0 1
0.100000 1.100000 11 R 0 1
0.100000 1.100000 12 R 0 1
0.100000 1.100000 13 R 0 1
0.100000 1.100000 14 R 0 1
0.100000 1.100000 15 R 0 1
0.100000 1.100000 16 R 0 1
0.100000 1.100000 17 R 0 1
0.100000 1.100000 18 R 0 1
0.100000 1.100000 19 R 0 1
0.100000 1.100000 20 R 0 1
0.100000 1.100000 2 R 1 1
0.100000 1.100000 3 R 1 1
0.100000 1.100000 4 R 1 1
0.100000 1.100000 5 R 1 1
0.100000 1.100000 6 R 1 1
0.100000 1.100000 7 R 1 1
0.100000 1.100000 8 R 1 1
0.100000 1.100000 9 R 1 1
0.100000 1.100000 10 R 1 1
0.100000 1.100000 11 R 1 1
0.100000 1.100000 12 R 1 1
0.100000 1.100000 13 R 1 1
0.100000 1.100000 14 R 1 1
0.100000 1.100000 15 R 1 1
0.100000 1.100000 16 R 1 1
0.100000 1.100000 17 R 1 1
0.100000 1.100000 18 R 1 1
0.100000 1.100000 19 R 1 1
0.100000 1.100000 20 R 1 1
0.100000 1.100000 21 R 1 1
0.100000 1.100000 22 R 1 1
0.100000 1.100000 23 R 1 1
0.100000 1.100000 24 R 1 1
0.100000 1.100000 25 R 1 1
0.100000 1.100000 26 R 1 1
0.100000 1.100000 27 R 1 1
0.100000 1.100000 28 R 1 1
0.100000 1.100000 29 R 1 1
0.100000 1.100000 30 R 1 1
0.100000 1.100000 31 R 1 1
0.100000 1.100000 32 R 1 1
0.100000 1.100000 33 R 1 1
0.100000 1.100000 34 R 1 1
0.100000 1.100000 35 R 1 1
0.100000 1.100000 36 R 1 1
0.100000 1.100000 37 R 1 1
0.100000 1.100000 38 R 1 1
0.100000 1.100000 39 R 1 1
0.100000 1.100000 40 R 1 1
0.100000 1.100000 2 U 0 1
0.100000 1.100000 3 U 0 1
0.100000 1.100000 4 U 0 1
0.100000 1.100000 5 U 0 1
0.100000 1.100000 6 U 0 1
0.100000 1.100000 7 U 0 1
0.100000 1.100000 8 U 0 1
0.100000 1.100000 9 U 0 1
0.100000 1.100000 10 U 0 1
0.100000 1.100000 11 U 0 1
0.100000 1.100000 12 U 0 1
0.100000 1.100000 13 U 0 1
0.100000 1.100000 14 U 0 1
0.100000 1.100000 15 U 0 1
0.100000 1.100000 16 U 0 1
0.100000 1.100000 17 U 0 1
0.100000 1.100000 18 U 0 1
0.100000 1.100000 19 U 0 1
0.100000 1.100000 20 U 0 1
0.100000 1.100000 2 U 1 1
0.100000 1.100000 3 U 1 1
0.100000 1.100000 4 U 1 1
0.100000 1.100000 5 U 1 1
0.100000 1.100000 6 U 1 1
0.100000 1.100000 7 U 1 1
0.100000 1.100000 8 U 1 1
0.100000 1.100000 9 U 1 1
0.100000 1.100000 10 U 1 1
0.100000 1.100000 11 U 1 1
0.100000 1.100000 12 U 1 1
0.100000 1.100000 13 U 1 1
0.100000 1.100000 14 U 1 1
0.100000 1.100000 15 U 1 1
0.100000 1.100000 16 U 1 1
0.100000 1.100000 17 U 1 1
0.100000 1.100000 18 U 1 1
0.100000 1.100000 19 U 1 1
0.100000 1.100000 20 U 1 1
0.100000 1.100000 21 U 1 1
0.100000 1.100000 22 U 1 1
0.100000 1.100000 23 U 1 1
0.100000 1.100000 24 U 1 1
0.100000 1.100000 25 U 1 1
0.100000 1.100000 26 U 1 1
0.100000 1.100000 27 U 1 1
0.100000 1.100000 28 U 1 1
0.100000 1.100000 29 U 1 1
0.100000 1.100000 30 U 1 1
0.100000 1.100000 31 U 1 1
0.100000 1.100000 32 U 1 1
0.100000 1.100000 33 U 1 1
0.100000 1.100000 34 U 1 1
0.100000 1.100000 35 U 1 1
0.100000 1.100000 36 U 1 1
0.100000 1.100000 37 U 1 1
0.100000 1.100000 38 U 1 1
0.100000 1.100000 39 U 1 1
0.100000 1.100000 40 U 1 1
0.100000 1.100000 2 C 0 1
0.100000 1.100000 3 C 0 1
0.100000 1.100000 4 C 0 1
0.100000 1.100000 5 C 0 1
0.100000 1.100000 6 C 0 1
0.100000 1.100000 7 C 0 1
0.100000 1.100000 8 C 0 1
0.100000 1.100000 9 C 0 1
0.100000 1.100000 10 C 0 1
0.100000 1.100000 11 C 0 1
0.100000 1.100000 12 C 0 1
0.100000 1.100000 13 C 0 1
0.100000 1.100000 14 C 0 1
0.100000 1.100000 15 C 0 1
0.100000 1.100000 16 C 0 1
0.100000 1.100000 17 C 0 1
0.100000 1.100000 18 C 0 1
0.100000 1.100000 19 C 0 1
0.100000 1.100000 20 C 0 1
0.100000 1.100000 2 C 1 1
0.100000 1.100000 3 C 1 1
0.100000 1.100000 4 C 1 1
0.100000 1.100000 5 C 1 1
0.100000 1.100000 6 C 1 1
0.100000 1.100000 7 C 1 1
0.100000 1.100000 8 C 1 1
0.100000 1.100000 9 C 1 1
0.100000 1.100000 10 C 1 1
0.100000 1.100000 11 C 1 1
0.100000 1.100000 12 C 1 1
0.100000 1.100000 13 C 1 1
0.100000 1.100000 14 C 1 1
0.100000 1.100000 15 C 1 1
0.100000 1.100000 16 C 1 1
0.100000 1.100000 17 C 1 1
0.100000 1.100000 18 C 1 1
0.100000 1.100000 19 C 1 1
0.100000 1.100000 20 C 1 1
0.100000 1.100000 21 C 1 1
0.100000 1.100000 22 C 1 1
0.100000 1.100000 23 C 1 1
0.100000 1.100000 24 C 1 1
0.100000 1.100000 25 C 1 1
0.100000 1.100000 26 C 1 1
0.100000 1.100000 27 C 1 1
0.100000 1.100000 28 C 1 1
0.100000 1.100000 29 C 1 1
0.100000 1.100000 30 C 1 1
0.100000 1.100000 31 C 1 1
0.100000 1.100000 32 C 1 1
0.100000 1.100000 33 C 1 1
0.100000 1.100000 34 C 1 1
0.100000 1.100000 35 C 1 1
0.100000 1.100000 36 C 1 1
0.100000 1.100000 37 C 1 1
0.100000 1.100000 38 C 1 1
0.100000 1.100000 39 C 1 1
0.100000 1.100000 40 C 1 1
